peaks = [[0.211464, 0.935688], [1.30155, 0.935688], [2.11911, 
    0.93221], [3.2092, 0.929428], [4.1176, 0.925254], [5.11685, 
    0.923168], [6.29777, 0.921776], [7.11534, 0.920385], [8.29626, 
    0.914821], [9.11383, 0.916212], [10.1131, 0.910647], [11.2032, 
    0.909952], [12.1116, 0.907865], [13.2016, 0.907169], [14.2009, 
    0.903691], [15.2001, 0.9023], [16.1994, 0.899518], [17.1986, 
    0.898127], [18.1979, 0.893953], [19.1971, 0.891867], [20.2872, 
    0.88978], [21.2864, 0.88978], [22.2857, 0.886998], [23.2849, 
    0.886302], [24.1933, 0.884911], [25.1926, 0.88352], [26.1918, 
    0.882128], [27.2819, 0.880737], [28.0995, 0.878651], [29.3712, 
    0.875868], [30.1888, 0.874477], [31.3697, 0.873086], [32.2781, 
    0.870304], [33.2774, 0.869608], [34.1858, 0.868913], [35.2759, 
    0.86613], [36.2751, 0.865435], [37.3652, 0.865435], [38.2736, 
    0.864739], [39.2729, 0.861261], [40.0904, 0.860566], [41.2713, 
    0.858479], [42.1797, 0.85987], [43.2698, 0.857088], [44.1782, 
    0.857088], [45.2683, 0.855001], [46.1767, 0.854305], [47.176, 
    0.852219], [48.1752, 0.850828], [49.3561, 0.852219], [50.1737, 
    0.850132], [51.0821, 0.848741], [52.0814, 0.84735], [53.2623, 
    0.848045], [54.2615, 0.845263], [55.2608, 0.844567], [56.26, 
    0.842481], [57.2593, 0.843176], [58.2585, 0.841785], [59.2578, 
    0.841089]]
